21.2 50.1 88.3 48.1 22.6 57.2 26 30.5 16.9 54.1 46.9 21.3 34.7 49.4 26.3 34.9 20 80.1 70 9.6 4.3 0.3 93.7 21.6 6 40.6 81.8 57 41.9 80.2 93.2 45.6
79.2 4 28.2 79.1 75.2 86.5 85.7 35.7 25 25.9 31.9 80.5 43.6 58.1 23.7 29 13.6 27.2 11.7 72.5 78.5 98.4 97.2 10.2 70.1 35.6 43.1 6.5 39.7 58.6 9.8 95
2.5 62.4 11.2 65.6 26.1 17.8 44.6 41.4 74.5 31.4 22.1 6 21.8 5.9 58.5 48.8 1.6 55.6 79.8 91.7 91.3 80.4 6.8 43.5 34.5 45.1 96.6 19.7 1 75.2 15.8 9.7
11.1 46.1 16.7 25.5 29.8 57.8 85 43.2 69.5 9.6 77.7 29.2 20.5 86.3 76.3 62.9 53.2 77.2 59.6 8 38.6 15.8 28.4 13.5 89.7 20.6 70.9 63.4 7.2 72.7 43.8 80.5
89.4 68.9 97 42.5 63.1 69.1 38 43.6 33.1 74.6 22.9 66.2 32.4 97.7 13.6 8.2 93.1 32 84.7 89.5 90.8 55.5 12.7 26.5 78.3 71.2 15.4 54.8 84.3 28.7 18.9 7
61.2 82.3 84.2 47.5 26.5 58.2 9.8 56.9 4.4 34.5 38.6 66.9 81.1 23.1 77.1 83.9 61 7.3 60.9 65.4 55.7 88 6 28.6 7.5 86 60.8 12.3 25.1 73.2 6.9 61
39.9 17 10.1 26 85.5 72.4 13.5 42.5 71.8 91.3 57.8 53.5 31 16.8 46.6 88.2 11.2 17.6 73.6 44.1 77.9 91.7 17.4 19.9 85.6 93.9 48.7 8.4 78.9 65.8 63 54.1
25.5 40.1 7.6 74.1 77.5 31.2 70.6 91.1 56.8 2.3 81 15.2 33.6 65.7 90.4 22.1 83.1 99.3 38 34.9 7.3 87.5 42 19.3 77.6 39.6 50.8 23.5 33.9 43.7 5.2 79.6
57.8 6.9 62.2 14.2 42.1 49.8 8.7 52.9 0.3 37.5 13.1 46.5 97.5 41.5 2.4 62.3 16.6 5.3 28.4 35.8 69.9 49.9 52.2 90.3 76.3 44.4 22.2 15.3 17.7 80.5 0 67.4
32.6 87.5 84.4 57.1 58.4 23.1 71.1 74.4 66.6 57.4 13.8 62.1 64 60.7 11.2 20.6 70.9 55 46 52.4 99.4 4.5 0.5 59.4 68.3 81.8 71.7 60 26.3 32.1 12.7 42.4
63.2 19.5 19.5 63.2 59.3 72.8 82.9 34.9 4 39 21.6 28.8 91.3 10.6 21.5 75 71.5 17.6 14.2 77 41.7 33.9 75.4 27.9 22.7 87.3 22.2 16.9 57.4 3.2 57.3 94.4
9.5 87.8 96.4 32.9 44.7 4.2 50.2 98.5 38.4 70.1 71.9 1.5 75.4 18.5 32 77.7 14.8 3 2.4 5.9 9.2 49.8 26.5 0.5 64.5 32.9 34.2 33 14.5 78.4 98.8 65.1
63 47 62.4 58.4 95.3 92.2 48.2 39 27.4 99.2 75.7 24.9 87.3 22.1 8.7 15.8 18.5 7.3 14.2 80.6 28.2 40.9 1.8 33.1 15.6 58.3 31.1 55.2 73.7 9.3 76.7 93.3
4.1 86.2 21.4 42.8 82.6 95.3 48.1 3.6 69.8 18.5 41.8 6.9 21.8 18.7 72.9 49.8 7.5 24.2 63.3 43.7 77.9 43.4 55.1 10 10.5 29.3 24.4 82.9 51 13.2 35.5 3.9
32 2.1 94.7 66.8 50.5 90 44.9 27.7 79.6 41.6 99.6 97.1 88.9 95 44 27 21.4 59.2 73.3 6.2 43.7 46.7 47 27.5 13.9 85.4 91.2 11.7 76.2 61 8.8 83.2
70.1 78.4 27 99.2 29.2 63.9 89.8 44 21.2 30 67.6 29.9 61.5 9 83.6 67.2 65.4 25.8 62.2 96.6 73.1 4.3 21.4 19.5 94.8 49.7 57.1 38.8 78.9 2.4 54.7 1.7
2.8 99.1 33.7 58.7 79.4 20.8 13.4 23.5 43 5.6 42.3 46.3 68.5 97.6 53.9 75.9 64.9 49.8 11.2 22.9 51 48.8 45.9 92.6 69.2 83 11.8 24.5 46.1 41.6 81.5 69.4
73.3 42 4.2 87.8 57.7 15 61.5 93.7 13.4 61 1.9 5.7 75.1 53.4 74.7 84.4 83.4 59.3 86.3 10.7 80.1 3.2 16 72.7 78.6 97.4 50.4 77.6 61.1 11.2 0.8 66.5
17.3 76.7 28.6 26.7 94.1 85.7 33.8 16.8 79.7 91 53.6 70.6 27.6 36.4 47.1 23.5 42.2 9.6 82.8 39.8 62.4 29.1 47.3 87.4 48.5 30.4 44.7 44.7 5.9 48.4 21.1 89
14.9 38.2 27.8 91.1 52.5 68.6 11.6 64.1 77.1 90.2 97.2 17.4 66 38.8 3.6 86 96.4 0.8 8.1 9.1 64.8 9.8 47.5 24.5 70 93.7 26.1 35.5 26.5 4.9 61.5 25.7
5.2 7.9 87.4 50.7 85.2 12.1 97.9 96.7 37 15.7 13.9 53.3 37.5 68.3 48.5 73.5 67.9 62.3 45.1 68.2 97.9 90.4 12.2 60.1 62 98.1 5.8 88.6 57.7 94 79.6 34.9
32.7 8.8 45 81.8 86.8 40.5 15.5 3.4 23.4 93.5 68.4 82.1 8.3 31.2 61.9 36.9 87.4 90.1 78.9 75.8 52.6 64.6 46.6 33 33.5 91.9 59.6 63.2 10.1 84.2 89.8 57.8
11.8 6.4 10.9 66.6 93.1 52.3 62.8 85 69.7 24.1 28.3 45.2 25.4 3.6 44.7 89.3 19.9 13 95.9 39.5 93.2 95.9 72.1 51.7 85.6 54.9 70.2 73.6 6.6 25.2 11.2 91.9
12.9 93.7 98.8 34.7 46.3 10.2 43.1 14.2 80.1 54.4 30.3 87.3 39.1 42 80.7 44.8 7.2 16.2 61.7 16.3 17.4 55.9 53 85.1 80.2 0.9 54.5 50 85.4 99.9 83.3 17.2
94.6 78 65.2 95.3 90 96.4 94.5 13.8 22.7 36.6 23 97.1 31.9 28.4 14.3 33.6 87.2 21.2 96.3 75.5 36 58 84.3 3.1 78.4 98.3 0.5 28.8 17.7 6.4 88.3 88.5
37.2 81.4 88.8 75.7 24.4 2.3 58.1 83.1 13.7 91.6 63.6 84.6 75.3 17.5 15.2 3.1 55.1 70.5 44.3 95.8 8 99.4 89.4 46.8 55.3 76.1 52 6.6 22.2 14.1 17.4 51.6
7.8 44.4 2.3 87.7 80.1 17.9 23.1 5.3 60.9 4.3 35.9 90.6 68.2 72.2 79.4 2.7 83.5 66.3 41.7 21.5 76.7 50.1 59.7 43.1 33.4 63 90.2 34.6 7.1 77.8 34.5 42.4
47 31 21.2 73.7 18 8.6 44.9 59.4 82.1 56.9 0 1.9 86.4 27.9 37.6 16.8 93.7 84.8 30.3 34.8 60.7 44.3 92.6 55.2 31.9 47.4 13.5 0.6 94.4 61.4 29.4 74.8
38.7 63.1 46.6 98.2 89.7 63 88.2 63.5 40.5 73.7 0.3 35.4 38.9 52.4 72.3 38.5 56.5 40.6 31.1 17.6 9.3 68.2 32.7 12.9 81 46 9.3 78.2 22.9 99.8 50.2 85.9
3.7 31 63.1 11.3 77.3 66.8 96.5 45.6 85.5 75.6 90.4 28.4 22.4 52.4 39.6 84.1 82 40.8 73.1 67.4 44.2 86 56.8 90.1 78.8 19.6 50.6 36.9 95.4 54.6 41.7 44.9
63.1 20.6 84.9 72.6 81.1 13.8 50.9 21.9 77.1 51.1 93.3 72.6 80.4 87.9 44.3 57 95.1 98.2 6.1 48 68.7 97.7 97.2 67 24.7 72 75 9.8 96.2 82.7 56.6 11.8
11.4 37.3 99.9 94.8 98.8 8 1.6 30 9.7 77.5 45.1 18.2 92.7 8.1 15.8 41.5 56.9 71.4 92.6 68.9 63.3 29.7 51.2 48.2 58.4 69.1 39.9 36.2 16.4 13.8 0.3 41.9
