63.2 26.5 14.8 49.2 32.2 48.1 60.6 45.8 2.2 84.9 98.8 5.6 51.7 72.0 54.2 47.2 94.0 54.1 21.9 22.8 4.8 61.6 83.2 40.4 66.3 32.9 52.3 1.7 20.4 72.8 16.7 25.4 16.0 11.9 41.4 83.1 90.6 69.0 77.7 3.0 21.2 40.6 7.8 85.0 30.3 69.3 33.1 45.9 77.7 87.0 41.5 14.2 56.0 62.5 81.8 3.2 37.8 17.8 64.6 65.7 13.2 48.9 98.1 9.7
47.5 33.1 86.2 82.0 6.6 11.2 41.9 40.5 8.9 47.0 36.9 89.9 29.4 49.4 54.9 63.6 50.4 25.9 14.8 92.7 51.8 35.5 13.0 18.1 42.4 26.9 31.5 45.6 93.2 37.7 25.0 70.4 96.9 77.8 79.4 90.0 77.3 41.0 30.2 31.7 57.7 12.0 29.0 2.1 83.9 90.9 85.8 76.8 40.9 90.4 55.6 54.0 13.5 0.2 22.5 88.0 35.4 69.2 53.7 24.8 98.4 86.1 98.9 39.8
46.7 47.1 53.7 7.1 11.6 82.8 6.0 31.6 54.8 31.0 20.4 27.2 31.1 74.0 73.2 30.1 19.5 55.3 2.6 42.1 30.2 3.5 68.6 84.5 35.2 97.5 27.4 85.5 75.0 54.3 39.5 48.1 48.6 92.2 47.3 40.8 39.2 67.8 55.3 6.6 31.9 50.8 70.8 38.5 88.1 19.5 10.0 1.7 97.2 48.1 89.2 3.8 46.3 59.5 35.8 22.6 81.0 79.9 28.9 20.1 7.7 87.6 10.7 92.4
24.6 59.1 26.6 60.3 7.8 87.5 19.9 64.3 35.1 71.0 96.8 19.0 88.7 57.7 11.7 82.7 71.8 97.3 47.4 11.9 50.8 25.0 27.0 49.1 33.3 28.4 39.0 51.6 61.2 45.1 98.6 65.1 21.2 50.9 71.5 95.4 36.5 28.1 86.7 58.9 42.3 57.5 84.8 77.3 13.3 66.5 12.2 54.4 6.3 64.3 59.6 47.0 58.0 59.9 56.9 83.6 12.3 17.8 53.9 4.6 51.4 14.4 77.6 18.1
8.6 6.1 96.7 19.9 14.2 43.1 58.6 84.7 36.5 27.6 73.3 14.5 1.1 46.8 37.0 39.1 9.8 27.3 69.3 17.0 84.0 42.9 67.7 79.9 13.1 32.9 87.9 31.5 19.6 81.2 27.4 63.9 10.4 8.9 13.5 56.7 9.8 87.1 53.3 65.0 64.3 8.8 65.4 61.0 42.0 20.3 15.4 76.2 64.8 64.3 21.8 96.1 91.2 57.4 33.2 42.3 1.7 77.6 63.6 55.6 53.4 86.6 97.2 63.1
51.0 52.7 57.7 18.0 15.1 43.8 62.6 12.9 47.5 74.2 58.9 98.5 84.1 42.3 12.8 9.5 97.8 37.5 19.5 94.6 69.3 1.3 88.7 33.7 11.9 50.1 3.2 51.2 48.1 56.3 29.4 15.6 96.6 4.6 44.0 22.3 82.3 85.0 63.2 18.1 1.0 17.6 56.0 70.6 29.8 82.2 44.6 32.3 54.2 34.0 19.6 92.2 87.4 68.5 18.3 45.6 36.6 75.6 94.7 50.8 90.1 55.2 27.1 44.7
72.0 13.9 28.2 1.9 22.2 92.8 99.6 63.5 6.3 51.9 98.3 58.3 62.4 85.9 36.9 62.9 38.0 63.5 11.6 76.6 66.2 68.3 15.9 6.8 51.9 51.7 46.0 7.7 18.6 60.9 99.7 61.3 26.8 65.9 30.5 25.1 85.0 30.3 28.7 16.5 49.1 45.3 57.8 95.7 92.2 80.3 85.9 6.8 58.8 28.4 23.7 10.1 25.5 39.9 71.9 64.5 68.4 87.5 82.8 45.8 81.5 77.4 63.4 66.4
96.9 29.9 2.4 11.6 63.9 98.2 15.3 84.7 68.5 23.8 35.4 78.0 76.4 21.0 18.7 72.9 58.7 99.5 24.7 40.7 37.0 89.5 4.3 54.8 23.1 13.5 26.0 80.1 13.6 86.2 7.2 25.4 49.7 54.9 5.1 66.0 60.2 17.9 35.3 63.0 44.5 78.1 51.6 3.1 59.6 94.1 4.5 61.3 45.4 26.2 62.2 33.4 63.7 86.0 4.2 45.6 7.4 74.5 63.9 14.3 81.4 97.1 39.3 40.3
48.2 37.8 53.4 62.3 92.4 51.0 21.8 61.7 81.4 17.3 37.6 45.0 60.4 14.2 78.0 24.7 11.0 55.6 37.9 79.6 42.0 8.5 23.6 86.3 32.2 37.3 85.0 71.2 96.4 1.0 27.1 42.2 60.5 18.5 13.5 9.6 21.2 17.8 37.1 4.8 16.8 9.5 5.3 46.1 39.7 88.8 37.1 71.5 28.3 18.9 48.7 5.9 60.6 1.1 91.6 35.9 96.0 59.9 86.0 59.9 79.9 11.8 58.8 14.4
21.8 93.8 31.3 86.9 59.4 24.3 84.7 87.7 32.8 25.9 24.0 74.4 24.9 24.0 69.2 45.5 65.9 6.9 15.7 3.4 15.1 70.0 14.9 18.7 17.8 67.8 34.7 58.7 0.1 85.5 53.3 9.0 7.6 50.2 38.6 39.8 58.4 95.8 69.6 60.0 56.9 94.0 25.1 9.4 3.7 23.5 83.9 32.7 77.5 79.5 45.3 47.1 24.2 62.5 40.3 75.8 81.0 45.5 52.9 1.8 79.1 76.2 96.2 27.8
33.7 6.7 41.0 56.5 31.1 9.2 17.0 97.3 94.8 27.7 63.9 7.3 34.9 18.7 91.0 42.7 16.6 84.1 35.2 8.4 42.4 74.7 8.6 60.8 93.9 49.6 50.2 72.0 29.6 70.2 34.4 97.5 28.8 25.8 12.4 54.3 58.5 80.0 27.1 32.1 10.9 64.9 6.8 9.7 89.0 67.5 85.8 74.9 16.0 2.7 42.0 52.3 75.0 4.2 93.5 57.2 94.4 48.2 5.6 26.8 73.8 32.3 75.7 17.4
28.2 8.5 39.0 78.9 25.5 39.2 1.1 81.0 13.7 88.7 90.3 19.1 68.1 19.4 78.0 38.4 6.3 56.3 54.4 46.8 74.5 15.4 46.4 23.5 84.0 10.4 78.3 92.2 96.2 74.9 79.0 78.5 46.4 81.5 31.0 35.3 38.3 9.5 44.8 86.0 12.0 58.0 12.6 93.3 98.3 5.7 88.8 66.5 52.5 24.2 45.3 7.3 64.7 25.6 67.4 81.0 42.0 32.4 90.6 65.8 2.0 44.4 91.1 91.6
67.7 71.6 39.5 24.0 56.4 24.7 74.5 24.9 52.8 5.9 31.2 52.2 0.5 91.4 27.3 95.7 42.3 34.1 99.0 19.2 61.6 94.7 16.3 16.7 35.0 12.9 72.0 93.9 46.3 83.7 36.5 87.9 42.9 7.0 21.4 85.1 0.8 47.8 99.7 73.5 74.3 18.0 35.0 26.0 90.9 49.1 67.8 59.4 10.0 94.7 2.9 13.7 17.4 32.2 23.7 82.7 51.0 64.6 74.2 25.2 98.3 85.5 17.5 15.3
1.0 81.1 60.4 47.7 59.3 75.3 56.3 81.0 9.2 25.3 64.0 86.4 27.2 26.2 41.3 86.9 10.0 81.1 67.0 75.2 70.7 1.4 54.0 51.6 52.3 63.5 31.1 94.6 17.8 13.1 43.5 77.9 84.6 32.4 96.0 81.7 82.5 70.7 86.4 8.6 78.1 45.4 58.4 19.5 29.4 5.3 51.1 45.9 30.8 0.0 43.4 96.7 40.2 45.2 42.6 28.7 51.9 35.6 24.9 27.1 93.2 42.4 71.1 15.9
68.2 46.5 56.3 47.9 42.0 3.4 14.0 93.3 21.2 23.1 75.8 39.4 61.0 53.4 16.6 41.4 17.4 94.4 7.2 85.9 18.6 80.3 79.2 98.7 7.3 51.9 57.0 53.2 17.8 88.6 44.7 75.7 20.6 50.8 97.0 86.5 96.2 81.4 87.2 79.4 39.0 7.5 1.7 40.7 26.7 14.0 0.8 79.4 95.2 71.9 23.2 72.6 39.4 57.0 53.1 75.1 93.4 23.3 66.6 3.1 90.2 21.2 80.1 97.2
37.5 32.2 92.0 58.5 63.5 87.8 33.8 2.6 68.9 55.2 36.8 86.3 87.9 70.3 81.1 55.7 21.5 17.4 14.7 0.2 88.1 56.2 38.7 83.1 95.5 48.2 44.0 58.1 95.6 46.5 98.5 13.9 70.5 21.6 53.2 36.7 23.4 84.9 77.0 75.3 57.1 3.1 53.7 76.2 64.2 48.0 23.3 19.3 82.9 46.4 85.5 99.6 75.6 79.7 4.4 28.8 16.2 57.5 70.7 52.5 52.6 97.5 74.6 68.2
71.4 30.3 64.1 84.7 19.7 49.0 46.0 25.5 32.0 63.0 62.8 49.2 1.9 90.1 60.6 56.2 11.1 19.1 40.8 55.4 6.0 95.3 52.2 5.4 5.8 76.4 69.9 42.6 82.4 90.4 11.7 8.7 82.2 42.4 43.6 9.9 16.2 91.8 78.5 1.4 67.8 56.6 10.3 72.7 48.8 23.2 53.2 25.4 36.4 69.5 44.5 78.7 16.4 94.0 49.9 78.4 46.7 44.9 65.9 33.1 56.3 35.0 53.4 84.8
68.4 68.4 84.6 11.7 23.8 78.6 89.9 45.3 78.8 10.7 73.9 13.0 8.4 13.3 89.2 97.3 64.9 38.7 60.3 58.1 24.2 83.3 96.2 65.6 91.4 58.7 50.1 29.3 83.5 51.0 25.0 66.1 10.5 70.4 50.6 50.2 90.5 84.7 84.4 87.9 11.7 69.5 44.8 20.3 38.8 7.9 30.7 11.3 95.8 1.8 38.3 97.5 15.4 65.8 26.4 39.5 87.5 0.1 8.3 67.3 48.3 80.4 4.1 86.3
32.5 71.3 22.7 64.3 11.2 72.7 27.7 96.9 50.0 19.8 87.2 36.0 42.1 62.7 31.4 14.9 22.4 6.9 70.8 76.6 53.7 66.6 98.7 92.3 23.4 90.0 83.1 52.3 87.7 6.5 92.2 57.9 91.5 49.3 27.0 3.9 64.6 86.0 42.6 86.3 9.3 97.4 11.8 82.6 59.3 99.6 57.1 88.6 97.9 78.7 42.0 2.3 70.5 79.3 24.5 34.2 43.4 46.1 36.1 94.3 43.8 89.1 95.6 57.6
38.9 83.8 24.7 20.7 65.8 94.0 42.4 49.9 95.2 58.6 32.9 3.7 68.6 86.4 43.9 74.0 89.5 20.2 97.6 5.9 99.9 53.3 53.6 4.0 42.6 39.2 18.6 5.2 42.5 98.5 31.8 87.4 25.4 76.3 64.3 97.0 32.5 55.7 49.1 4.9 8.1 76.1 83.9 18.3 54.0 78.5 6.7 44.5 94.4 80.0 5.6 99.4 16.7 24.6 97.7 1.9 30.0 83.1 29.5 2.5 59.4 91.0 95.1 27.6
32.1 0.5 73.8 18.6 99.4 17.7 60.0 50.4 3.1 6.8 37.6 34.8 22.1 79.0 79.4 36.7 97.3 11.0 34.4 77.7 58.8 16.6 25.6 44.0 73.7 15.4 98.4 70.3 48.4 78.0 9.4 6.0 73.7 78.3 32.7 76.0 44.4 25.3 25.8 67.5 82.1 82.8 52.9 70.2 21.4 72.6 76.0 66.1 5.7 22.8 72.9 93.0 67.0 45.2 15.5 72.5 97.9 30.5 84.0 69.2 29.7 75.0 63.4 54.0
22.8 40.9 12.2 34.1 81.2 91.2 7.8 87.0 99.2 63.5 91.9 94.7 62.7 19.6 42.5 2.7 48.2 89.5 89.1 42.2 13.8 68.1 56.0 97.3 85.8 98.0 29.3 26.3 43.8 5.6 54.5 5.2 43.6 62.3 85.9 19.1 75.0 44.2 37.4 31.0 47.1 55.9 2.4 82.4 88.9 27.8 78.5 49.0 31.0 85.5 21.0 44.8 8.6 61.7 0.1 59.2 95.6 14.7 71.7 92.7 68.2 19.6 60.9 35.1
6.9 29.3 68.4 65.1 1.0 97.1 78.1 76.1 16.9 50.9 63.7 30.3 94.5 51.3 4.9 71.9 22.1 15.4 13.7 40.2 99.1 97.8 43.7 15.2 56.1 28.0 58.7 52.9 91.6 15.2 47.4 44.7 45.8 69.1 25.8 80.7 81.2 70.6 35.7 50.8 42.8 56.1 42.3 87.7 23.3 40.2 57.5 93.9 6.0 8.1 49.7 95.9 36.8 42.3 0.1 47.5 60.7 19.5 94.2 12.5 34.5 40.5 56.8 62.4
42.8 31.7 31.2 20.6 94.1 97.0 91.4 94.8 26.2 26.2 6.6 90.3 41.6 44.7 79.6 48.7 42.5 27.3 65.4 61.2 71.5 10.3 52.5 19.8 38.3 17.9 16.9 35.0 56.1 32.7 72.5 21.7 5.2 47.5 72.0 92.6 20.3 25.1 46.3 29.3 59.6 81.2 22.7 72.9 13.4 50.7 35.7 65.5 99.5 12.1 57.5 6.7 57.5 74.0 41.2 85.8 39.2 81.9 22.2 61.0 93.0 33.6 42.8 89.2
32.6 91.7 47.4 90.8 36.4 38.3 88.5 63.1 97.9 18.1 65.4 91.6 67.6 52.7 23.7 43.7 49.5 81.6 72.3 11.0 92.4 15.5 7.3 26.7 4.9 89.1 49.3 17.1 61.4 99.8 64.3 59.7 12.6 39.8 1.7 58.1 60.7 44.5 22.1 11.3 66.0 32.1 47.3 32.5 37.8 18.0 29.3 2.0 49.7 47.2 33.6 84.3 46.2 81.1 70.5 54.2 64.6 0.1 30.0 21.4 20.6 28.9 78.2 46.4
52.2 71.0 55.3 0.8 75.6 87.3 85.6 33.6 1.8 43.2 83.8 4.6 27.4 79.0 88.5 85.8 20.3 34.1 63.3 96.9 43.9 15.5 10.2 0.1 86.7 46.2 96.0 39.9 80.4 63.6 50.9 61.7 59.6 32.4 53.5 57.5 17.1 0.5 48.5 9.3 10.9 14.8 48.2 9.6 40.3 0.0 91.9 79.5 99.8 55.0 77.2 42.2 71.8 30.7 87.2 27.0 48.6 30.7 59.5 91.2 54.8 43.5 48.4 40.9
26.6 83.5 1.1 8.2 43.6 63.6 98.1 73.2 2.2 79.5 10.8 13.1 66.8 64.2 20.2 73.4 84.5 47.4 71.0 83.3 77.8 51.5 87.8 30.2 32.2 24.8 13.7 73.0 12.4 13.7 27.7 74.2 96.0 92.8 3.0 12.7 40.4 84.7 9.1 4.5 89.6 48.0 47.6 3.6 50.1 33.9 38.9 75.0 7.6 67.0 79.3 49.6 9.8 98.2 28.1 8.3 45.2 54.2 66.6 17.0 85.8 78.2 41.8 63.1
54.2 40.6 43.1 26.5 14.9 0.6 8.3 3.9 74.7 84.8 10.9 11.2 50.7 59.5 15.3 29.4 6.1 99.0 97.4 88.4 84.1 35.4 41.5 64.4 47.5 1.2 46.9 81.9 85.5 59.7 76.2 33.2 17.8 68.3 74.3 14.6 89.6 66.9 19.0 82.4 89.2 29.9 86.5 97.1 45.9 73.5 94.0 94.5 31.7 22.3 86.0 70.3 31.7 20.5 60.5 18.9 74.9 64.2 49.9 31.2 50.3 77.4 36.3 52.7
52.0 84.8 73.4 42.8 49.5 30.1 25.5 66.8 1.3 2.5 86.0 68.9 66.2 98.7 81.3 1.7 38.9 76.8 20.9 85.7 62.3 0.2 31.1 86.1 86.4 90.9 30.2 12.1 35.2 42.5 5.1 65.7 23.0 13.3 86.7 60.1 51.7 10.0 57.3 24.4 81.1 67.8 93.8 68.9 69.2 27.5 49.9 21.6 43.2 50.5 14.5 10.0 92.9 33.5 63.5 13.8 20.8 93.8 38.9 56.9 9.6 8.5 91.1 31.8
42.7 20.9 38.5 87.3 12.2 18.5 44.2 6.2 36.8 92.2 64.4 37.8 74.7 92.3 81.0 97.0 2.5 34.4 54.0 4.7 3.1 89.8 54.9 76.9 52.4 42.5 57.2 39.1 51.2 10.4 72.6 80.7 84.7 67.2 30.7 64.7 65.3 89.7 20.0 60.8 46.8 92.4 92.7 15.7 23.9 84.2 26.5 51.9 57.7 22.4 7.2 26.5 51.7 13.7 35.2 79.7 99.3 14.2 62.4 52.7 85.0 0.4 76.4 41.7
26.5 77.0 11.2 34.6 86.8 40.4 9.6 55.5 95.9 61.6 32.6 6.3 36.0 67.9 17.8 26.0 6.0 6.7 99.3 80.7 68.1 53.8 99.6 40.1 78.1 70.9 4.8 43.6 23.4 5.3 74.3 96.5 77.3 81.9 27.2 70.0 19.8 80.0 57.8 66.7 28.0 15.5 26.7 33.9 63.8 32.6 47.0 86.7 87.6 85.2 12.2 21.5 1.6 30.9 80.8 87.9 38.0 95.9 83.4 6.9 88.3 86.2 33.2 41.8
99.5 18.7 91.5 27.1 2.3 81.2 43.7 67.8 22.7 46.5 9.2 21.5 82.2 19.5 44.0 33.6 10.3 26.5 60.8 18.0 95.2 52.9 52.9 48.0 97.0 70.4 58.1 8.8 7.4 84.4 74.4 59.1 42.8 16.3 95.7 15.8 83.2 65.1 57.0 28.3 25.5 26.3 98.5 89.8 72.1 96.8 63.1 48.9 91.3 1.3 65.3 97.3 73.1 71.1 56.1 96.1 83.5 39.6 43.4 5.7 53.8 11.5 40.0 29.3
10.3 72.9 3.9 69.1 68.5 91.2 33.8 6.5 10.1 17.7 74.1 33.4 18.0 42.8 54.7 29.7 39.6 67.9 5.7 77.1 8.4 78.4 68.3 76.2 47.3 97.6 23.0 32.9 81.8 35.4 0.4 30.8 4.4 28.2 23.7 52.7 91.1 27.3 86.4 80.9 91.9 12.7 14.1 92.3 59.2 94.1 66.8 40.7 33.8 12.2 82.4 40.2 88.1 0.6 17.2 8.4 35.7 88.7 1.8 44.4 37.3 64.6 2.8 17.1
17.4 83.3 71.9 19.3 58.2 29.0 26.8 88.8 28.0 5.7 34.5 40.4 79.6 85.0 87.3 98.2 86.7 70.5 68.8 70.0 32.8 59.0 75.5 81.8 93.9 89.6 92.3 77.2 17.9 3.9 78.1 86.0 17.3 49.0 12.7 31.5 51.0 16.8 18.7 60.9 26.8 76.5 59.7 67.9 16.9 66.3 80.9 64.0 16.2 31.2 30.6 29.2 35.9 11.1 20.0 79.3 37.9 68.1 10.5 13.5 54.1 41.4 51.4 62.3
13.5 29.2 66.5 94.4 81.1 95.7 40.5 60.0 39.2 58.3 91.1 11.0 79.0 52.2 7.8 70.6 74.3 61.7 75.6 13.5 5.6 67.3 44.3 99.9 16.5 80.8 37.5 94.5 15.2 92.5 25.3 13.6 19.0 5.7 55.9 86.9 21.5 79.1 30.3 20.4 14.5 56.3 90.8 59.6 46.0 89.9 85.3 27.0 14.9 47.7 24.8 27.3 94.0 44.2 1.7 4.0 20.3 49.0 62.4 44.4 48.7 63.1 7.4 20.6
70.9 71.8 74.0 37.4 2.4 10.2 69.2 50.1 51.5 13.8 16.6 45.8 27.0 97.2 61.6 84.6 19.8 40.9 77.0 18.4 73.9 63.8 83.1 60.3 27.1 66.4 98.0 63.8 82.0 1.6 90.0 74.3 17.0 21.6 93.4 89.9 97.3 68.2 94.8 29.1 14.0 97.8 92.2 97.8 9.2 32.3 98.8 91.8 63.2 16.2 6.6 32.5 74.8 71.0 15.2 93.4 8.8 0.9 1.2 55.4 41.9 99.1 97.1 68.7
88.4 27.9 62.6 55.0 69.9 42.2 90.5 97.4 21.0 68.0 48.0 61.0 23.2 54.9 68.1 1.8 26.3 78.8 52.5 32.4 42.2 66.2 66.3 49.6 63.7 9.7 18.1 47.0 17.4 53.3 19.0 53.3 62.3 14.3 77.9 4.6 65.6 25.3 67.4 30.1 7.4 24.4 19.4 4.3 64.8 14.1 45.9 62.8 64.8 98.7 97.6 45.1 65.3 20.9 7.4 87.0 5.5 86.9 23.0 14.2 49.1 51.4 35.3 85.7
13.7 99.4 40.4 3.9 65.7 15.6 37.0 95.7 62.2 50.0 57.4 17.2 10.9 58.3 87.2 35.2 79.3 41.0 5.4 41.6 22.5 34.3 21.2 48.1 55.6 57.7 27.9 47.0 66.9 86.0 34.7 71.7 77.3 34.1 74.4 40.4 66.8 47.1 47.6 9.2 60.3 23.0 44.9 29.1 16.0 51.9 94.5 62.9 70.5 55.2 87.3 92.7 47.5 36.8 85.3 11.9 28.0 37.8 74.7 41.7 36.3 30.4 2.6 23.2
43.8 29.3 37.4 10.9 15.7 13.1 66.5 22.9 54.0 28.6 0.2 40.4 96.1 35.8 55.7 78.3 38.8 40.6 0.9 26.6 56.4 4.1 1.2 34.9 50.8 18.7 82.3 91.8 96.0 13.2 57.4 87.1 51.6 12.4 58.0 84.4 96.9 78.6 50.9 93.4 26.6 84.3 27.7 59.3 83.1 46.5 28.5 1.3 24.0 92.5 85.9 97.9 61.0 50.5 55.3 75.3 83.2 74.4 46.4 47.5 83.2 28.9 88.8 19.5
2.4 2.8 67.1 57.5 80.9 47.9 45.3 88.4 20.2 16.7 34.9 27.4 22.4 69.7 8.7 31.7 41.2 16.5 44.0 23.0 70.8 33.3 57.7 41.6 74.8 49.9 36.0 21.0 82.4 57.3 51.8 72.8 76.2 55.4 68.5 31.3 2.7 44.3 52.8 28.9 67.8 95.7 11.7 86.5 10.0 85.1 33.2 74.7 8.0 88.5 12.4 96.1 11.9 23.3 1.6 3.3 14.3 1.0 95.2 68.3 60.9 68.8 13.8 76.4
81.8 32.8 21.4 95.4 86.1 78.3 38.1 58.8 35.0 71.6 13.6 2.6 76.6 38.5 14.5 38.5 26.1 16.3 11.3 93.6 53.2 91.7 71.3 95.9 7.2 73.8 33.8 74.5 85.8 93.8 47.0 63.8 45.5 39.6 13.6 99.0 13.5 85.4 14.3 64.9 55.2 89.9 50.7 46.1 84.0 51.1 65.3 68.0 67.7 88.4 89.3 29.2 7.8 51.8 86.2 89.7 92.7 74.9 67.9 57.7 79.7 16.1 45.5 22.0
68.6 23.5 95.4 32.3 4.8 34.6 50.5 44.2 8.2 2.7 57.8 90.3 12.8 90.1 30.8 27.2 56.8 43.1 57.1 14.1 17.3 50.5 53.1 5.5 55.1 2.6 16.0 53.6 61.5 52.5 80.7 1.1 79.5 92.5 54.2 46.6 99.0 47.9 59.9 84.4 3.9 93.3 15.4 85.5 54.7 7.4 82.0 71.6 27.7 58.1 13.7 97.4 25.7 28.6 22.2 46.4 11.6 27.4 10.5 65.5 26.3 93.6 97.7 3.6
67.0 33.7 27.2 77.2 93.8 10.2 29.7 75.6 40.4 14.3 49.6 34.5 54.6 9.8 64.0 23.3 35.3 71.8 50.6 19.5 36.5 23.2 94.9 79.3 26.4 36.3 26.6 91.6 25.0 75.4 95.5 70.6 88.0 39.0 25.0 83.1 6.3 94.1 30.0 6.1 5.7 41.4 86.3 65.3 43.6 18.0 71.0 69.2 15.4 34.8 6.9 46.3 97.7 89.7 43.0 77.7 58.9 28.0 61.5 51.1 37.7 29.0 96.3 68.0
34.2 70.9 91.2 95.5 15.2 75.8 96.4 83.1 46.0 61.8 10.3 3.3 89.0 96.1 56.5 18.0 39.3 8.8 25.3 84.2 99.1 78.2 95.2 44.3 25.0 23.1 66.3 98.1 54.9 32.2 97.5 87.1 19.7 78.7 70.3 25.5 22.1 63.1 86.7 40.8 72.0 87.1 86.2 8.1 43.1 64.7 72.1 3.9 91.3 6.6 40.9 66.1 54.1 85.7 49.4 63.5 31.1 11.4 71.0 50.7 73.4 90.2 5.4 99.7
83.3 19.4 63.2 44.9 48.8 25.3 45.8 76.1 3.7 96.7 24.4 50.3 26.1 5.3 47.9 53.5 31.4 87.3 59.7 95.8 77.8 28.7 39.6 33.1 88.1 20.8 49.7 41.7 69.5 55.9 89.5 9.3 87.6 82.5 57.4 67.1 14.2 70.2 20.8 17.2 4.1 49.5 54.2 34.8 50.6 93.8 40.2 81.7 12.8 61.4 33.7 25.2 17.8 69.9 15.7 51.9 51.4 82.8 32.0 65.5 5.4 32.7 28.0 35.5
29.7 44.7 3.1 93.0 37.0 27.3 90.9 62.2 50.2 24.3 30.9 90.0 61.4 16.8 43.9 6.6 2.5 48.1 8.4 29.0 53.4 91.0 85.2 18.8 62.1 82.6 9.0 75.5 7.9 48.5 75.0 53.2 20.1 81.4 66.2 70.6 9.6 94.8 67.0 72.5 59.4 73.3 94.4 36.2 35.4 85.1 42.3 93.7 2.1 53.2 84.9 53.9 33.3 27.7 78.3 7.0 10.2 8.1 62.9 87.0 4.1 6.8 19.2 87.7
93.5 76.1 78.3 19.0 93.6 72.2 16.0 7.1 93.1 43.0 73.4 1.1 76.7 21.5 38.0 15.5 37.2 34.9 8.2 67.4 21.9 10.5 34.7 85.5 3.9 8.2 42.4 21.5 59.9 3.0 94.6 73.6 31.5 10.6 82.0 70.5 11.3 19.3 68.2 74.2 44.9 63.3 8.8 58.7 1.9 1.3 32.9 17.7 27.5 3.8 10.1 90.0 21.6 61.9 27.1 60.8 31.6 57.2 43.5 54.0 15.3 91.2 21.0 68.8
85.5 61.5 47.0 7.7 47.1 43.3 94.8 82.0 11.6 67.4 16.3 45.6 38.6 91.3 57.8 26.4 23.8 43.0 3.9 95.9 89.9 18.8 45.1 13.7 17.9 23.5 22.9 69.5 91.1 43.4 85.8 89.3 76.2 95.6 17.6 5.9 15.1 73.6 61.0 13.7 1.9 88.5 9.3 39.1 81.4 26.0 7.4 16.9 0.0 13.6 74.5 16.5 53.0 40.3 28.5 89.7 76.8 94.7 97.9 84.3 28.8 2.2 50.3 72.4
60.6 58.1 1.1 82.8 56.4 69.4 4.0 22.8 14.3 36.7 76.0 35.3 11.8 58.6 47.4 14.1 49.9 69.2 72.9 78.8 57.2 97.2 95.5 52.7 20.6 37.6 82.2 45.3 67.4 65.6 35.8 79.5 77.5 93.7 65.3 26.6 78.2 61.8 59.5 41.3 0.9 86.9 12.9 59.0 21.5 53.2 41.2 18.0 48.0 57.1 63.3 80.8 74.6 69.9 52.0 61.9 84.3 18.0 86.3 80.0 38.9 55.8 34.8 10.6
10.4 47.3 69.9 47.3 14.0 5.5 16.3 94.6 62.0 54.1 97.2 63.0 63.0 12.0 16.3 63.0 75.2 40.2 47.7 50.5 56.6 38.8 15.7 88.9 1.4 76.9 40.1 61.8 78.3 26.5 65.6 48.8 75.1 49.5 14.6 72.7 28.1 16.7 68.7 61.9 51.9 84.6 68.7 87.0 80.9 37.4 43.1 15.1 43.8 58.2 92.7 72.2 24.5 87.4 52.2 78.8 46.3 97.6 42.3 43.7 25.9 0.0 25.9 97.0
85.7 80.5 52.9 10.7 64.4 29.7 27.0 0.6 34.9 30.5 7.5 59.2 22.9 12.8 54.9 14.2 17.6 14.9 26.1 58.0 9.5 22.7 67.4 40.9 23.4 48.7 12.8 44.5 86.2 33.4 7.4 16.4 32.3 33.6 66.7 12.6 20.4 40.1 82.3 1.1 74.9 44.7 12.0 13.7 74.1 60.0 54.0 20.6 44.5 7.3 92.9 81.1 79.9 37.3 59.7 9.8 15.5 71.5 37.9 33.6 56.0 80.4 2.9 86.1
82.4 73.1 70.4 67.9 37.2 0.4 25.5 51.9 55.9 9.5 37.3 13.5 15.3 38.7 45.5 17.3 5.9 85.0 42.1 21.9 34.0 20.1 23.6 9.2 50.9 98.2 60.4 56.3 66.9 23.6 32.3 56.7 61.2 7.1 61.1 59.4 51.6 88.4 76.4 3.5 21.3 98.4 66.3 27.2 82.1 37.2 82.2 24.3 17.6 9.4 62.0 66.1 7.8 22.1 0.2 84.2 55.2 84.5 29.3 75.2 3.4 51.9 3.8 91.6
77.4 42.8 76.3 93.3 30.4 4.1 80.8 45.2 13.3 63.9 90.8 62.9 39.2 88.0 39.2 1.9 54.9 63.3 5.5 25.8 18.6 12.8 68.5 97.8 60.3 0.2 67.5 35.3 29.3 99.4 94.5 69.0 57.5 81.6 89.7 3.3 70.7 0.3 77.2 12.0 64.8 32.4 7.8 3.3 17.6 73.0 19.9 9.3 56.2 25.0 62.3 84.5 50.8 33.3 88.2 17.6 30.5 99.1 39.8 9.5 36.4 91.7 4.8 57.6
55.8 99.2 3.7 61.7 18.4 84.1 55.3 13.4 10.8 54.8 29.3 20.3 21.1 87.6 92.7 70.1 9.2 83.6 24.7 82.2 50.0 37.4 90.8 82.2 13.0 80.2 55.4 67.0 28.5 90.9 39.7 33.3 67.7 36.5 39.3 53.8 22.7 28.5 35.4 51.2 49.0 9.2 86.9 25.2 37.2 0.2 38.4 49.5 60.6 44.1 6.9 2.8 76.2 85.4 24.3 70.5 74.6 36.0 64.6 44.6 14.3 77.1 83.4 52.1
22.4 28.3 50.7 61.6 8.2 1.0 77.8 87.4 3.2 34.2 3.2 97.0 30.7 84.9 38.1 20.6 97.2 75.2 1.5 57.3 20.0 48.9 26.3 13.4 67.5 38.2 4.2 60.9 98.9 40.8 12.9 86.8 58.0 98.4 16.0 25.4 46.9 47.0 52.6 40.4 40.6 14.6 19.8 31.8 22.2 37.4 91.3 14.8 27.2 19.8 47.7 84.5 76.6 40.8 25.7 17.0 64.5 65.1 93.6 21.6 6.5 86.8 92.6 21.8
92.0 89.8 26.1 86.2 90.8 1.4 14.4 23.5 55.7 13.6 3.5 9.5 44.6 75.1 52.4 85.2 0.0 69.1 36.2 45.6 33.7 24.6 80.2 42.8 11.1 43.0 59.2 33.4 20.0 18.9 21.0 27.9 17.7 29.6 73.8 22.5 97.4 81.7 86.9 44.1 22.4 48.2 69.9 68.8 82.8 45.2 24.2 13.2 25.2 71.7 79.3 47.7 79.5 4.9 81.8 99.5 39.5 33.4 75.5 48.6 35.8 6.3 68.4 19.4
75.4 49.2 15.8 78.7 16.0 23.3 31.5 20.3 21.5 10.2 66.6 89.0 76.5 61.4 11.9 93.6 46.9 17.9 2.1 8.2 40.3 98.2 69.3 0.8 65.0 40.8 90.8 0.6 79.9 37.4 15.5 6.1 81.9 0.0 48.4 53.3 87.6 63.6 7.3 52.2 38.2 74.8 54.4 61.5 35.1 98.8 90.7 70.8 12.2 3.1 76.2 94.8 7.0 59.9 58.3 98.8 11.5 89.8 68.3 6.3 79.2 77.7 64.0 72.7
58.8 59.1 93.4 91.1 28.6 60.1 12.2 27.7 94.8 26.1 15.1 91.6 87.6 38.8 57.0 55.9 95.7 1.8 53.6 63.8 64.9 46.9 88.1 96.4 49.1 92.6 81.4 39.9 19.1 33.7 75.9 73.7 36.0 15.9 17.0 86.2 77.9 86.9 13.3 3.8 56.2 15.7 52.3 67.1 38.0 62.2 37.5 40.8 24.1 99.4 16.4 97.5 72.5 78.4 68.1 78.9 78.1 33.0 78.1 95.9 98.5 13.5 64.9 11.9
37.9 1.4 54.2 4.2 4.4 34.8 89.8 11.7 3.5 48.7 24.1 63.9 94.6 4.2 2.7 83.0 65.5 9.9 80.4 37.4 6.6 38.4 3.0 88.7 54.4 84.1 52.5 70.4 65.9 72.4 5.5 72.9 91.6 81.2 13.7 96.9 70.7 11.8 68.8 51.1 48.2 28.2 72.8 63.8 51.0 32.2 14.5 77.9 51.1 6.6 2.9 89.5 42.7 65.0 56.3 71.7 66.0 70.1 70.7 82.5 72.6 80.1 96.0 99.3
92.4 51.4 68.0 56.0 34.3 56.7 77.3 58.6 93.4 98.6 34.3 68.0 88.1 35.0 10.4 25.9 25.2 72.1 3.9 89.9 48.2 5.5 38.4 79.2 77.1 89.9 22.1 31.8 99.5 5.1 1.2 71.7 4.2 43.2 66.2 98.9 92.4 64.7 75.9 1.4 40.3 17.4 13.1 64.4 19.8 53.3 32.9 68.8 24.1 7.7 76.6 49.5 91.3 40.2 33.9 74.7 30.6 72.2 11.2 31.6 63.9 34.7 98.3 29.6
7.7 91.7 85.7 75.3 67.1 65.8 26.3 13.3 62.3 21.9 39.7 32.3 99.6 34.6 95.4 81.8 45.8 60.2 33.9 65.4 62.1 74.4 70.4 95.9 27.5 14.3 72.1 51.2 7.5 10.1 27.6 27.3 19.2 78.9 29.3 44.4 19.5 80.4 30.8 80.9 65.3 73.9 84.4 38.4 66.7 35.6 64.4 92.1 4.4 0.3 26.6 86.5 68.3 54.9 53.3 3.2 18.7 58.8 22.6 72.4 42.7 69.4 71.2 28.5
36.6 75.0 9.7 3.0 65.3 35.5 0.8 20.8 55.8 88.1 75.5 19.2 54.8 46.9 97.0 61.4 26.5 27.7 18.1 17.9 72.6 79.9 67.1 92.6 24.6 80.9 61.8 65.8 47.5 97.7 52.2 3.1 12.5 96.7 3.4 21.5 12.9 54.9 73.9 3.8 87.3 46.8 87.5 97.5 71.3 76.1 65.2 43.6 62.3 33.2 49.1 10.0 48.6 50.1 39.3 18.7 42.7 14.3 40.5 64.9 86.7 30.8 11.6 42.1
13.6 5.6 83.7 70.2 93.3 7.2 74.7 13.4 98.9 68.6 29.8 15.0 56.1 81.5 54.2 30.3 40.7 83.0 4.8 81.2 62.3 75.0 73.0 5.8 10.1 31.3 92.5 14.1 89.4 3.9 79.5 40.4 73.5 27.4 95.9 71.8 1.0 38.9 0.0 60.5 84.6 42.6 59.7 7.1 69.8 40.7 95.5 61.7 68.8 11.2 16.9 50.3 25.1 84.6 25.5 1.5 25.3 0.4 97.6 71.9 6.5 0.7 11.9 22.1
22.4 98.1 27.1 41.9 13.0 99.3 23.3 26.8 57.3 31.1 65.4 26.8 28.1 88.4 97.0 19.1 44.9 82.3 11.3 72.8 1.1 40.0 0.7 90.6 87.0 85.6 50.6 65.1 22.6 34.3 23.6 4.2 97.9 20.5 23.0 12.4 87.4 37.0 41.3 35.4 66.0 27.9 47.0 60.6 46.3 5.8 10.1 21.0 79.8 88.2 20.8 67.1 89.3 62.7 34.7 50.2 15.4 43.2 91.5 82.8 23.0 90.2 57.8 1.8
