63.3 24.8 80.8 80.8 72.2 74.1 89.2 64.5 64.4 72.7 14.2 6.1 88.2 62 22.4 21.1 88.7 98.8 57.3 93.2 65.8 21.6 77 74.6 79.9 55.8 11.5 11 22 51.3 28.2 99.3
68.1 19.4 41.8 4.3 39.5 1.8 65.3 17.3 15.1 33.4 20.4 51.9 59.7 81.6 62.7 62.2 7.1 69.6 82.6 53.7 26.2 16.9 32.9 92.5 77.9 0.3 8 77.4 62.2 29 45.1 37.5
48.7 88.9 4.3 88 0.4 97.7 4.6 71 0.3 41.2 52.2 85.5 46.6 66.7 56.6 55.4 42 83.8 68.5 12.6 17 9.5 8.9 35.3 75.7 40.4 53 91.9 87.8 10.4 12 50.1
61.2 53.1 83.4 4 50.7 97.5 81.6 26.9 10.6 52.3 36.7 48.3 79.3 92.8 64.9 2.8 47.3 35.6 20.7 3.3 16.5 70.8 89.4 72.4 67.7 23 49.1 1.1 25.7 33.7 83.6 39.5
91.2 92.8 85.5 22.6 87.7 95.3 3.4 25.2 76.9 88.2 59.5 42.4 80 52.9 70.3 25.3 83.8 4.3 76.7 63.8 26.6 27.9 74.9 61.8 42.1 2.2 86.9 92.3 71 27.3 61 15.4
33.4 69.4 63.4 13.8 97.9 92.3 46.4 10.1 20.1 65.3 6.4 91 90 44.5 30.3 96.2 61.3 90.3 53.7 84.8 6.5 88.4 93.5 96.2 52.2 36.8 80.2 83.7 47.3 5.1 85.4 86.7
31 97.4 68.2 21.5 4 46.3 52.5 58.7 15.6 50.4 9.1 78.2 44.5 96.6 14.5 68.7 11.9 72 10.1 14.1 96 25.3 21.9 53.8 98.6 77.6 82.9 95.9 50 61.5 96.8 86.9
26.2 42.4 40.4 44 79.6 92.1 38.1 65 55.6 97.5 42.8 57.8 55.7 5.5 83.6 23.4 57.7 6.4 29.8 57.3 66.8 73.4 50.7 51.7 22.9 9.5 4 14.9 46.9 13.4 35.8 4.9
24.6 96.8 21.5 24.3 38.4 88.2 11.4 42.2 49.6 75 64.6 24.5 53.9 40.3 3.4 90.4 47.2 17.4 68.2 14.9 34.9 31.7 52.5 70.6 69.1 68 23.7 60.3 68.9 65.4 24.4 22.2
16.6 32.5 17.7 31.1 30.2 3.3 40.5 91.8 33.8 24.6 75.9 20.8 50.5 98.5 70.8 1 90.9 58.8 57 73.2 74.8 73.9 17.6 34.6 70.7 25.2 60.4 45.7 68.7 45.4 11.4 32.5
14.8 75.9 30 40.5 75.3 72 8.1 64.6 83.9 50.7 33.6 26 89.7 37.1 64.2 70.3 83 5.6 24 61.1 56.3 23.5 32.5 62.3 25.4 64.6 57.5 0.6 3.2 30.9 26.5 99.2
22.7 66.4 8.5 93.6 22.4 15 39.5 38.3 13.2 0.7 47 65 36.4 14.5 91.4 64.3 33.3 64.5 14.9 72.1 39.5 65.3 23.9 44.1 56.9 82.5 52 78.5 12.3 29.9 3.2 11.7
48 16.3 41.7 19.3 65.3 18.8 78.7 87 63.6 2 31.3 75.7 21.3 56.4 93.6 88 53.8 40.5 59.5 82.5 91.8 39.9 67.3 59.4 98.2 10.5 26.1 46.5 77.7 75.3 35.8 83
8.4 7.8 24.8 80 55.8 18 92.2 5.5 59.6 21.8 56.5 38.1 74.4 40.2 8.8 25.4 4.3 54.1 24 25.9 43.2 67.3 86.4 88.1 84.7 70.1 31.4 88.6 53.4 78.2 38.6 62.4
44.4 26 72.3 1.9 44.1 73.8 46.1 3.1 73.5 99.5 20.5 73.3 51.6 43.2 52.3 57.6 31.7 67.9 59.9 12.9 67.9 69.5 39.3 17.9 18.3 73.3 21 39.2 9.7 43.5 10.1 62.4
41.8 0.5 53.8 77.9 75.7 91.2 45.5 86.1 47.7 58.6 7.6 78.1 48.1 14.4 63.5 27.3 71 42.8 6.9 37.5 87 24.4 88.7 56.1 83.8 86.3 26 87.6 14.9 9.7 2.1 8.2
61.5 74.7 52.9 27.6 28.2 86.6 2.1 71.6 16.8 35.5 80.8 1.1 5.6 58 66.4 91.5 29.3 18.7 42.1 55.4 18.7 35.5 0.8 32.4 82.2 47.8 53.9 16.4 51 92.9 89.4 55.4
68.1 25.4 35.6 76.8 65.8 0.8 82.2 49 91.5 80.7 45.3 40.8 85.8 44.7 25.2 81.7 46.4 72 84.9 69.2 35.5 18.6 66.8 55.5 79.3 10 31.1 87.7 8.6 21.9 9.2 10.5
62.8 65.4 35.9 52.9 56.1 75.1 84.9 77 64.7 85.8 62.8 52.1 46.8 69.8 53.5 61.3 51 57.9 77.9 68 46 88.5 29 47.7 82.6 80.2 87.9 89 79.9 68.2 20.7 74.6
7.7 24.9 21.1 71.6 63.1 30.6 83.2 64.5 66.2 36.9 95.4 89.4 17.4 41 54.6 34.8 41.1 37.2 86.4 40.5 45.9 15.6 56.4 0.3 37.3 99.5 52.2 41.5 88.1 95.3 10.3 18.5
9.4 26 68.4 45.9 62 27.4 72.6 23.7 73.5 72.5 88.2 82.8 54.8 35.7 61 83 39.5 98.5 47.5 9.1 79.4 10.6 27.7 73 58.2 91.2 41.5 93.9 79.7 68.8 9.6 56.8
31.7 74.5 35.1 96.2 86 19.8 97.8 51.1 64.9 96.5 67.3 43 83.4 88.1 34.9 6.3 44.5 4.4 62.4 77.6 24.8 93.5 69.8 31.7 73.7 95.7 32.2 93.2 26.3 11.6 31.4 19.3
14.1 15.9 50.6 67 49.5 28.6 75.7 81.2 30.8 75.1 73.3 68.2 47.6 74.9 96.8 7.5 19.1 12.9 64.1 19.6 73.5 93.1 99.1 98 71.7 92.8 97.9 23.5 75.6 13.6 4.8 32.1
71.6 75.7 61.4 0.2 30.2 87.3 21.5 52.1 87.7 46.3 39.5 60.2 39.6 56.5 13 88.8 60.9 57.3 58.1 83.2 56.3 30.2 73.1 96.3 70.4 0.5 81.3 77.7 74.8 48.3 21.9 26.1
75.6 58.3 78.3 48.2 76.1 12.4 84.2 53.3 56.3 94 75.3 13.3 81.6 67.9 27.5 9 2.8 86.8 90.7 57.1 25.9 78.9 93.1 26.7 1.4 57.2 49.5 76.2 40.2 47.5 24.3 17.3
94 78.3 61.9 66.4 85 19.6 72 69.9 27.9 55.1 65.6 30.2 66.4 47.9 59.7 86.6 14.6 68.5 45.8 23.4 8.7 19.5 50.7 0.1 90.3 21.8 74.3 31.3 51.6 56.1 73.6 92.4
81.5 86.3 7.3 85.5 91.3 14.5 57.1 63.8 11.9 45.6 81.9 55.1 97.8 61.2 37.7 32.6 88 39.5 89 71.4 60.5 4.4 12.9 50.9 62.7 98.3 39.6 54 88.7 74.5 32.7 97.6
37.9 9.3 74.3 29 32 47.9 7.9 21.6 66.8 96.4 88.8 71.1 74.4 81.5 27.6 17.5 16 71.9 88.5 1.3 46.8 10.4 45.7 22.1 47.8 21.1 59.4 73.6 64.6 46.2 31.1 9.1
18.7 63.7 23 19 88.4 83.5 96.7 38 28.5 64.4 48.2 82.8 8.7 41.4 40.9 18 82.5 78.2 53.3 36.3 38.5 2.4 35.7 35.5 74.4 81.3 62.8 30.3 90.3 35.7 86 85.8
37.5 52.7 31.2 21.8 88.2 5.1 56.6 17.1 26.5 19.3 91.7 39.4 56.6 71.8 17.4 82.3 8.8 43.2 67.4 68.3 36.5 70.2 99.8 31.1 27.8 32.3 24.2 83 36.6 59.6 84 88.7
27.1 60.4 40.4 25.4 22.5 57.1 26.9 72.1 64.7 56.3 94.5 72.6 60.2 33.9 47.9 4.3 63.8 0.7 51 7.1 84.8 95.2 98.3 71.6 22.2 15.7 20.3 66.1 78.2 7.1 18.6 76.2
44.3 5.9 54.1 4.3 3 48.2 57.5 34.3 11.9 76.7 83.5 38.5 43.3 95.8 77.3 45 50.4 41 88.1 7.2 31.7 69.3 11.4 29.8 73.3 64 56.4 58.1 8 0.6 81 25.1
